
running 0 tests

test result: ok. 0 passed; 0 failed; 0 ignored; 0 measured; 38 filtered out; finished in 0.00s


running 0 tests

test result: ok. 0 passed; 0 failed; 0 ignored; 0 measured; 5 filtered out; finished in 0.00s


running 1 test
init finish with 5 regions
keys: [[0, 0, 0, 0], [1, 0, 0, 0], [2, 0, 0, 0], [3, 0, 0, 0], [4, 0, 0, 0], [5, 0, 0, 0], [6, 0, 0, 0], [7, 0, 0, 0], [8, 0, 0, 0], [9, 0, 0, 0], [10, 0, 0, 0], [11, 0, 0, 0], [12, 0, 0, 0], [13, 0, 0, 0], [14, 0, 0, 0], [15, 0, 0, 0]]
keys: [[16, 0, 0, 0], [17, 0, 0, 0], [18, 0, 0, 0], [19, 0, 0, 0], [20, 0, 0, 0], [21, 0, 0, 0], [22, 0, 0, 0], [23, 0, 0, 0], [24, 0, 0, 0], [25, 0, 0, 0], [26, 0, 0, 0], [27, 0, 0, 0], [28, 0, 0, 0], [29, 0, 0, 0], [30, 0, 0, 0], [31, 0, 0, 0]]
keys: [[32, 0, 0, 0], [33, 0, 0, 0], [34, 0, 0, 0], [35, 0, 0, 0], [36, 0, 0, 0], [37, 0, 0, 0], [38, 0, 0, 0], [39, 0, 0, 0], [40, 0, 0, 0], [41, 0, 0, 0], [42, 0, 0, 0], [43, 0, 0, 0], [44, 0, 0, 0], [45, 0, 0, 0], [46, 0, 0, 0], [47, 0, 0, 0]]
keys: [[48, 0, 0, 0], [49, 0, 0, 0], [50, 0, 0, 0], [51, 0, 0, 0], [52, 0, 0, 0], [53, 0, 0, 0], [54, 0, 0, 0], [55, 0, 0, 0], [56, 0, 0, 0], [57, 0, 0, 0], [58, 0, 0, 0], [59, 0, 0, 0], [60, 0, 0, 0], [61, 0, 0, 0], [62, 0, 0, 0], [63, 0, 0, 0]]
keys: [[64, 0, 0, 0], [65, 0, 0, 0], [66, 0, 0, 0], [67, 0, 0, 0], [68, 0, 0, 0], [69, 0, 0, 0], [70, 0, 0, 0], [71, 0, 0, 0], [72, 0, 0, 0], [73, 0, 0, 0], [74, 0, 0, 0], [75, 0, 0, 0], [76, 0, 0, 0], [77, 0, 0, 0], [78, 0, 0, 0], [79, 0, 0, 0]]
keys: [[80, 0, 0, 0], [81, 0, 0, 0], [82, 0, 0, 0], [83, 0, 0, 0], [84, 0, 0, 0], [85, 0, 0, 0], [86, 0, 0, 0], [87, 0, 0, 0], [88, 0, 0, 0], [89, 0, 0, 0], [90, 0, 0, 0], [91, 0, 0, 0], [92, 0, 0, 0], [93, 0, 0, 0], [94, 0, 0, 0], [95, 0, 0, 0]]
keys: [[96, 0, 0, 0], [97, 0, 0, 0], [98, 0, 0, 0], [99, 0, 0, 0], [100, 0, 0, 0], [101, 0, 0, 0], [102, 0, 0, 0], [103, 0, 0, 0], [104, 0, 0, 0], [105, 0, 0, 0], [106, 0, 0, 0], [107, 0, 0, 0], [108, 0, 0, 0], [109, 0, 0, 0], [110, 0, 0, 0], [111, 0, 0, 0]]
keys: [[112, 0, 0, 0], [113, 0, 0, 0], [114, 0, 0, 0], [115, 0, 0, 0], [116, 0, 0, 0], [117, 0, 0, 0], [118, 0, 0, 0], [119, 0, 0, 0], [120, 0, 0, 0], [121, 0, 0, 0], [122, 0, 0, 0], [123, 0, 0, 0], [124, 0, 0, 0], [125, 0, 0, 0], [126, 0, 0, 0], [127, 0, 0, 0]]
keys: [[128, 0, 0, 0], [129, 0, 0, 0], [130, 0, 0, 0], [131, 0, 0, 0], [132, 0, 0, 0], [133, 0, 0, 0], [134, 0, 0, 0], [135, 0, 0, 0], [136, 0, 0, 0], [137, 0, 0, 0], [138, 0, 0, 0], [139, 0, 0, 0], [140, 0, 0, 0], [141, 0, 0, 0], [142, 0, 0, 0], [143, 0, 0, 0]]
keys: [[144, 0, 0, 0], [145, 0, 0, 0], [146, 0, 0, 0], [147, 0, 0, 0], [148, 0, 0, 0], [149, 0, 0, 0], [150, 0, 0, 0], [151, 0, 0, 0], [152, 0, 0, 0], [153, 0, 0, 0], [154, 0, 0, 0], [155, 0, 0, 0], [156, 0, 0, 0], [157, 0, 0, 0], [158, 0, 0, 0], [159, 0, 0, 0]]
keys: [[160, 0, 0, 0], [161, 0, 0, 0], [162, 0, 0, 0], [163, 0, 0, 0], [164, 0, 0, 0], [165, 0, 0, 0], [166, 0, 0, 0], [167, 0, 0, 0], [168, 0, 0, 0], [169, 0, 0, 0], [170, 0, 0, 0], [171, 0, 0, 0], [172, 0, 0, 0], [173, 0, 0, 0], [174, 0, 0, 0], [175, 0, 0, 0]]
keys: [[176, 0, 0, 0], [177, 0, 0, 0], [178, 0, 0, 0], [179, 0, 0, 0], [180, 0, 0, 0], [181, 0, 0, 0], [182, 0, 0, 0], [183, 0, 0, 0], [184, 0, 0, 0], [185, 0, 0, 0], [186, 0, 0, 0], [187, 0, 0, 0], [188, 0, 0, 0], [189, 0, 0, 0], [190, 0, 0, 0], [191, 0, 0, 0]]
keys: [[192, 0, 0, 0], [193, 0, 0, 0], [194, 0, 0, 0], [195, 0, 0, 0], [196, 0, 0, 0], [197, 0, 0, 0], [198, 0, 0, 0], [199, 0, 0, 0], [200, 0, 0, 0], [201, 0, 0, 0], [202, 0, 0, 0], [203, 0, 0, 0], [204, 0, 0, 0], [205, 0, 0, 0], [206, 0, 0, 0], [207, 0, 0, 0]]
keys: [[208, 0, 0, 0], [209, 0, 0, 0], [210, 0, 0, 0], [211, 0, 0, 0], [212, 0, 0, 0], [213, 0, 0, 0], [214, 0, 0, 0], [215, 0, 0, 0], [216, 0, 0, 0], [217, 0, 0, 0], [218, 0, 0, 0], [219, 0, 0, 0], [220, 0, 0, 0], [221, 0, 0, 0], [222, 0, 0, 0], [223, 0, 0, 0]]
keys: [[224, 0, 0, 0], [225, 0, 0, 0], [226, 0, 0, 0], [227, 0, 0, 0], [228, 0, 0, 0], [229, 0, 0, 0], [230, 0, 0, 0], [231, 0, 0, 0], [232, 0, 0, 0], [233, 0, 0, 0], [234, 0, 0, 0], [235, 0, 0, 0], [236, 0, 0, 0], [237, 0, 0, 0], [238, 0, 0, 0], [239, 0, 0, 0]]
keys: [[240, 0, 0, 0], [241, 0, 0, 0], [242, 0, 0, 0], [243, 0, 0, 0], [244, 0, 0, 0], [245, 0, 0, 0], [246, 0, 0, 0], [247, 0, 0, 0], [248, 0, 0, 0], [249, 0, 0, 0], [250, 0, 0, 0], [251, 0, 0, 0], [252, 0, 0, 0], [253, 0, 0, 0], [254, 0, 0, 0], [255, 0, 0, 0]]
tot_key: 256
region store range:RegionWithLeader { region: Region { id: 10, start_key: [], end_key: [114, 0, 0, 0, 0, 0, 0, 0, 251], region_epoch: Some(RegionEpoch { conf_ver: 5, version: 5 }), peers: [Peer { id: 11, store_id: 1, role: Voter }, Peer { id: 21, store_id: 2, role: Voter }, Peer { id: 23, store_id: 3, role: Voter }], encryption_meta: None }, leader: Some(Peer { id: 11, store_id: 1, role: Voter }) }
request:RawScanRequest { context: None, start_key: [0, 0, 0, 0], limit: 2000, key_only: false, cf: "", reverse: false, end_key: [] }
kv: [0, 0, 0, 0]
kv: [1, 0, 0, 0]
kv: [2, 0, 0, 0]
kv: [3, 0, 0, 0]
kv: [4, 0, 0, 0]
kv: [5, 0, 0, 0]
kv: [6, 0, 0, 0]
kv: [7, 0, 0, 0]
kv: [8, 0, 0, 0]
kv: [9, 0, 0, 0]
kv: [10, 0, 0, 0]
kv: [11, 0, 0, 0]
kv: [12, 0, 0, 0]
kv: [13, 0, 0, 0]
kv: [14, 0, 0, 0]
kv: [15, 0, 0, 0]
kv: [16, 0, 0, 0]
kv: [17, 0, 0, 0]
kv: [18, 0, 0, 0]
kv: [19, 0, 0, 0]
kv: [20, 0, 0, 0]
kv: [21, 0, 0, 0]
kv: [22, 0, 0, 0]
kv: [23, 0, 0, 0]
kv: [24, 0, 0, 0]
kv: [25, 0, 0, 0]
kv: [26, 0, 0, 0]
kv: [27, 0, 0, 0]
kv: [28, 0, 0, 0]
kv: [29, 0, 0, 0]
kv: [30, 0, 0, 0]
kv: [31, 0, 0, 0]
kv: [32, 0, 0, 0]
kv: [33, 0, 0, 0]
kv: [34, 0, 0, 0]
kv: [35, 0, 0, 0]
kv: [36, 0, 0, 0]
kv: [37, 0, 0, 0]
kv: [38, 0, 0, 0]
kv: [39, 0, 0, 0]
kv: [40, 0, 0, 0]
kv: [41, 0, 0, 0]
kv: [42, 0, 0, 0]
kv: [43, 0, 0, 0]
kv: [44, 0, 0, 0]
kv: [45, 0, 0, 0]
kv: [46, 0, 0, 0]
kv: [47, 0, 0, 0]
kv: [48, 0, 0, 0]
kv: [49, 0, 0, 0]
kv: [50, 0, 0, 0]
kv: [51, 0, 0, 0]
kv: [52, 0, 0, 0]
kv: [53, 0, 0, 0]
kv: [54, 0, 0, 0]
kv: [55, 0, 0, 0]
kv: [56, 0, 0, 0]
kv: [57, 0, 0, 0]
kv: [58, 0, 0, 0]
kv: [59, 0, 0, 0]
kv: [60, 0, 0, 0]
kv: [61, 0, 0, 0]
kv: [62, 0, 0, 0]
kv: [63, 0, 0, 0]
kv: [64, 0, 0, 0]
kv: [65, 0, 0, 0]
kv: [66, 0, 0, 0]
kv: [67, 0, 0, 0]
kv: [68, 0, 0, 0]
kv: [69, 0, 0, 0]
kv: [70, 0, 0, 0]
kv: [71, 0, 0, 0]
kv: [72, 0, 0, 0]
kv: [73, 0, 0, 0]
kv: [74, 0, 0, 0]
kv: [75, 0, 0, 0]
kv: [76, 0, 0, 0]
kv: [77, 0, 0, 0]
kv: [78, 0, 0, 0]
kv: [79, 0, 0, 0]
kv: [80, 0, 0, 0]
kv: [81, 0, 0, 0]
kv: [82, 0, 0, 0]
kv: [83, 0, 0, 0]
kv: [84, 0, 0, 0]
kv: [85, 0, 0, 0]
kv: [86, 0, 0, 0]
kv: [87, 0, 0, 0]
kv: [88, 0, 0, 0]
kv: [89, 0, 0, 0]
kv: [90, 0, 0, 0]
kv: [91, 0, 0, 0]
kv: [92, 0, 0, 0]
kv: [93, 0, 0, 0]
kv: [94, 0, 0, 0]
kv: [95, 0, 0, 0]
kv: [96, 0, 0, 0]
kv: [97, 0, 0, 0]
kv: [98, 0, 0, 0]
kv: [99, 0, 0, 0]
kv: [100, 0, 0, 0]
kv: [101, 0, 0, 0]
kv: [102, 0, 0, 0]
kv: [103, 0, 0, 0]
kv: [104, 0, 0, 0]
kv: [105, 0, 0, 0]
kv: [106, 0, 0, 0]
kv: [107, 0, 0, 0]
kv: [108, 0, 0, 0]
kv: [109, 0, 0, 0]
kv: [110, 0, 0, 0]
kv: [111, 0, 0, 0]
kv: [112, 0, 0, 0]
kv: [113, 0, 0, 0]
kv: [114, 0, 0, 0]
region store range:RegionWithLeader { region: Region { id: 12, start_key: [114, 0, 0, 0, 0, 0, 0, 0, 251], end_key: [114, 0, 0, 1, 0, 0, 0, 0, 251], region_epoch: Some(RegionEpoch { conf_ver: 5, version: 5 }), peers: [Peer { id: 13, store_id: 1, role: Voter }, Peer { id: 22, store_id: 2, role: Voter }, Peer { id: 24, store_id: 3, role: Voter }], encryption_meta: None }, leader: Some(Peer { id: 13, store_id: 1, role: Voter }) }
request:RawScanRequest { context: None, start_key: [114, 0, 0, 0, 0, 0, 0, 0, 251], limit: 2000, key_only: false, cf: "", reverse: false, end_key: [] }
region store range:RegionWithLeader { region: Region { id: 14, start_key: [114, 0, 0, 1, 0, 0, 0, 0, 251], end_key: [120, 0, 0, 0, 0, 0, 0, 0, 251], region_epoch: Some(RegionEpoch { conf_ver: 5, version: 5 }), peers: [Peer { id: 15, store_id: 1, role: Voter }, Peer { id: 18, store_id: 2, role: Voter }, Peer { id: 25, store_id: 3, role: Voter }], encryption_meta: None }, leader: Some(Peer { id: 15, store_id: 1, role: Voter }) }
request:RawScanRequest { context: None, start_key: [114, 0, 0, 1, 0, 0, 0, 0, 251], limit: 2000, key_only: false, cf: "", reverse: false, end_key: [] }
kv: [115, 0, 0, 0]
kv: [116, 0, 0, 0]
kv: [117, 0, 0, 0]
kv: [118, 0, 0, 0]
kv: [119, 0, 0, 0]
kv: [120, 0, 0, 0]
region store range:RegionWithLeader { region: Region { id: 16, start_key: [120, 0, 0, 0, 0, 0, 0, 0, 251], end_key: [120, 0, 0, 1, 0, 0, 0, 0, 251], region_epoch: Some(RegionEpoch { conf_ver: 5, version: 5 }), peers: [Peer { id: 17, store_id: 1, role: Voter }, Peer { id: 19, store_id: 2, role: Voter }, Peer { id: 26, store_id: 3, role: Voter }], encryption_meta: None }, leader: Some(Peer { id: 17, store_id: 1, role: Voter }) }
request:RawScanRequest { context: None, start_key: [120, 0, 0, 0, 0, 0, 0, 0, 251], limit: 2000, key_only: false, cf: "", reverse: false, end_key: [] }
region store range:RegionWithLeader { region: Region { id: 4, start_key: [120, 0, 0, 1, 0, 0, 0, 0, 251], end_key: [], region_epoch: Some(RegionEpoch { conf_ver: 5, version: 5 }), peers: [Peer { id: 5, store_id: 1, role: Voter }, Peer { id: 20, store_id: 2, role: Voter }, Peer { id: 27, store_id: 3, role: Voter }], encryption_meta: None }, leader: Some(Peer { id: 5, store_id: 1, role: Voter }) }
request:RawScanRequest { context: None, start_key: [120, 0, 0, 1, 0, 0, 0, 0, 251], limit: 2000, key_only: false, cf: "", reverse: false, end_key: [] }
kv: [121, 0, 0, 0]
kv: [122, 0, 0, 0]
kv: [123, 0, 0, 0]
kv: [124, 0, 0, 0]
kv: [125, 0, 0, 0]
kv: [126, 0, 0, 0]
kv: [127, 0, 0, 0]
kv: [128, 0, 0, 0]
kv: [129, 0, 0, 0]
kv: [130, 0, 0, 0]
kv: [131, 0, 0, 0]
kv: [132, 0, 0, 0]
kv: [133, 0, 0, 0]
kv: [134, 0, 0, 0]
kv: [135, 0, 0, 0]
kv: [136, 0, 0, 0]
kv: [137, 0, 0, 0]
kv: [138, 0, 0, 0]
kv: [139, 0, 0, 0]
kv: [140, 0, 0, 0]
kv: [141, 0, 0, 0]
kv: [142, 0, 0, 0]
kv: [143, 0, 0, 0]
kv: [144, 0, 0, 0]
kv: [145, 0, 0, 0]
kv: [146, 0, 0, 0]
kv: [147, 0, 0, 0]
kv: [148, 0, 0, 0]
kv: [149, 0, 0, 0]
kv: [150, 0, 0, 0]
kv: [151, 0, 0, 0]
kv: [152, 0, 0, 0]
kv: [153, 0, 0, 0]
kv: [154, 0, 0, 0]
kv: [155, 0, 0, 0]
kv: [156, 0, 0, 0]
kv: [157, 0, 0, 0]
kv: [158, 0, 0, 0]
kv: [159, 0, 0, 0]
kv: [160, 0, 0, 0]
kv: [161, 0, 0, 0]
kv: [162, 0, 0, 0]
kv: [163, 0, 0, 0]
kv: [164, 0, 0, 0]
kv: [165, 0, 0, 0]
kv: [166, 0, 0, 0]
kv: [167, 0, 0, 0]
kv: [168, 0, 0, 0]
kv: [169, 0, 0, 0]
kv: [170, 0, 0, 0]
kv: [171, 0, 0, 0]
kv: [172, 0, 0, 0]
kv: [173, 0, 0, 0]
kv: [174, 0, 0, 0]
kv: [175, 0, 0, 0]
kv: [176, 0, 0, 0]
kv: [177, 0, 0, 0]
kv: [178, 0, 0, 0]
kv: [179, 0, 0, 0]
kv: [180, 0, 0, 0]
kv: [181, 0, 0, 0]
kv: [182, 0, 0, 0]
kv: [183, 0, 0, 0]
kv: [184, 0, 0, 0]
kv: [185, 0, 0, 0]
kv: [186, 0, 0, 0]
kv: [187, 0, 0, 0]
kv: [188, 0, 0, 0]
kv: [189, 0, 0, 0]
kv: [190, 0, 0, 0]
kv: [191, 0, 0, 0]
kv: [192, 0, 0, 0]
kv: [193, 0, 0, 0]
kv: [194, 0, 0, 0]
kv: [195, 0, 0, 0]
kv: [196, 0, 0, 0]
kv: [197, 0, 0, 0]
kv: [198, 0, 0, 0]
kv: [199, 0, 0, 0]
kv: [200, 0, 0, 0]
kv: [201, 0, 0, 0]
kv: [202, 0, 0, 0]
kv: [203, 0, 0, 0]
kv: [204, 0, 0, 0]
kv: [205, 0, 0, 0]
kv: [206, 0, 0, 0]
kv: [207, 0, 0, 0]
kv: [208, 0, 0, 0]
kv: [209, 0, 0, 0]
kv: [210, 0, 0, 0]
kv: [211, 0, 0, 0]
kv: [212, 0, 0, 0]
kv: [213, 0, 0, 0]
kv: [214, 0, 0, 0]
kv: [215, 0, 0, 0]
kv: [216, 0, 0, 0]
kv: [217, 0, 0, 0]
kv: [218, 0, 0, 0]
kv: [219, 0, 0, 0]
kv: [220, 0, 0, 0]
kv: [221, 0, 0, 0]
kv: [222, 0, 0, 0]
kv: [223, 0, 0, 0]
kv: [224, 0, 0, 0]
kv: [225, 0, 0, 0]
kv: [226, 0, 0, 0]
kv: [227, 0, 0, 0]
kv: [228, 0, 0, 0]
kv: [229, 0, 0, 0]
kv: [230, 0, 0, 0]
kv: [231, 0, 0, 0]
kv: [232, 0, 0, 0]
kv: [233, 0, 0, 0]
kv: [234, 0, 0, 0]
kv: [235, 0, 0, 0]
kv: [236, 0, 0, 0]
kv: [237, 0, 0, 0]
kv: [238, 0, 0, 0]
kv: [239, 0, 0, 0]
kv: [240, 0, 0, 0]
kv: [241, 0, 0, 0]
kv: [242, 0, 0, 0]
kv: [243, 0, 0, 0]
kv: [244, 0, 0, 0]
kv: [245, 0, 0, 0]
kv: [246, 0, 0, 0]
kv: [247, 0, 0, 0]
kv: [248, 0, 0, 0]
kv: [249, 0, 0, 0]
kv: [250, 0, 0, 0]
kv: [251, 0, 0, 0]
kv: [252, 0, 0, 0]
kv: [253, 0, 0, 0]
kv: [254, 0, 0, 0]
kv: [255, 0, 0, 0]
test raw_write_million ... ok

test result: ok. 1 passed; 0 failed; 0 ignored; 0 measured; 20 filtered out; finished in 0.19s

